w,1,8,0	w,1,1,0	w,1,1,0	0	w,2,3,0	w,2,4,0	w,2,1,0	w,2,1,0	w,2,1,7	w,2,1,0	w,2,1,0	w,2,4,0	e,2,3,0	0	w,1,1,0	w,1,1,0	w,1,8,0
w,1,1,0	w,1,1,0	w,1,1,0	0	w,2,3,0	w,2,5,0	w,2,4,0	s,2,3,0	s,2,3,0	s,2,3,0	w,2,4,0	w,2,5,0	e,2,3,0	0	w,1,1,0	w,1,1,0	w,1,1,0
w,1,1,0	w,1,1,0	w,1,1,0	w,1,1,0	w,1,1,0	w,1,1,0	w,1,1,0	0	0	0	w,1,1,0	w,1,1,0	w,1,1,0	w,1,1,0	w,1,1,0	w,1,1,0	w,1,1,0
0	0	w,1,1,0	w,1,1,0	w,1,1,0	w,1,1,0	w,1,1,0	w,1,1,0	w,1,1,0	w,1,1,0	w,1,1,0	w,1,1,0	w,1,1,0	w,1,1,0	w,1,1,0	0	0
n,2,3,0	n,2,3,0	0	0	w,1,1,0	w,1,4,0	w,1,5,0	0	0	0	w,1,5,0	w,1,4,0	w,1,1,0	0	0	n,2,3,0	n,2,3,0
w,2,4,0	w,2,4,0	0	0	w,1,4,0	w,1,1,0	0	0	0	0	0	w,1,1,0	w,1,4,0	0	0	w,2,4,0	w,2,4,0
s,2,3,0	s,2,3,0	0	0	w,1,1,0	w,1,4,0	w,1,5,0	0	0	0	w,1,5,0	w,1,4,0	w,1,1,0	0	0	s,2,3,0	s,2,3,0
0	0	w,1,1,0	w,1,1,0	w,1,1,0	w,1,1,0	w,1,1,0	w,1,1,0	w,1,1,0	w,1,1,0	w,1,1,0	w,1,1,0	w,1,1,0	w,1,1,0	w,1,1,0	0	0
w,1,1,0	w,1,1,0	w,1,1,0	w,1,1,0	w,1,1,0	w,1,1,0	w,1,1,0	0	0	0	w,1,1,0	w,1,1,0	w,1,1,0	w,1,1,0	w,1,1,0	w,1,1,0	w,1,1,0
w,1,1,0	w,1,1,0	w,1,1,0	0	w,2,3,0	w,2,5,0	w,2,4,0	n,2,3,0	n,2,3,0	n,2,3,0	w,2,4,0	w,2,5,0	e,2,3,0	0	w,1,1,0	w,1,1,0	w,1,1,0
w,1,8,0	w,1,1,0	w,1,1,0	0	w,2,3,0	w,2,4,0	w,2,1,0	w,2,1,0	w,2,1,7	w,2,1,0	w,2,1,0	w,2,4,0	e,2,3,0	0	w,1,1,0	w,1,1,0	w,1,8,0